54900 
61721 
86849 
1474 
57661 
27778 
24942 
11336 
66446 
84120 
89724 
69326 
63702 
30784 
37979 
55777 
42490 
37774 
72371 
61296 
41177 
70910 
80929 
66532 
73185 
81826 
22057 
1918 
87470 
66474 
39863 
26214 
36888 
23090 
52231 
63387 
91460 
99507 
98972 
43967 
53124 
58213 
60152 
73638 
31246 
20697 
90425 
4970 
74067 
97399 
34455 
87997 
57237 
28076 
64476 
70608 
8578 
31616 
92857 
42578 
37185 
51557 
52207 
98467 
67428 
75729 
96589 
30665 
2767 
81748 
1829 
11625 
83268 
88421 
9183 
92986 
15367 
22459 
69065 
88460 
23831 
67504 
70707 
86461 
54624 
94362 
27435 
19274 
52850 
25551 
18576 
37946 
9053 
58230 
80084 
76820 
55839 
80713 
68369 
74106 
80735 
81059 
21512 
66751 
4139 
56333 
87373 
46274 
75402 
71278 
8391 
44734 
62656 
4351 
51972 
1645 
11668 
78666 
32853 
83075 
60019 
29845 
75768 
54495 
67118 
46816 
56850 
8027 
47788 
66481 
56280 
84030 
15305 
6747 
28288 
67951 
61888 
30265 
62508 
7893 
2560 
11262 
43179 
52421 
60355 
73559 
70061 
27412 
77483 
52106 
54978 
75641 
80618 
92563 
11481 
98788 
17370 
12845 
31165 
12073 
50297 
27903 
41016 
73458 
63691 
29323 
8617 
51982 
77896 
92854 
63195 
90655 
65197 
75961 
74840 
83117 
99634 
99399 
48764 
93656 
75889 
49224 
16377 
75606 
57948 
20140 
18297 
69220 
93579 
2441 
33449 
21493 
84752 
45081 
2419 
74444 
56667 
8163 
26138 
36971 
1855 
53925 
61460 
1445 
95775 
41945 
8207 
95942 
44245 
92784 
89046 
53695 
53093 
97326 
62365 
68296 
70027 
82172 
19399 
94345 
55079 
29128 
61642 
13618 
59097 
56204 
66506 
99003 
26204 
74856 
86010 
83606 
17730 
5870 
17013 
94821 
60608 
1213 
43094 
85617 
15058 
37935 
75344 
20867 
25234 
36702 
79596 
2712 
36004 
31839 
41629 
25416 
66094 
63795 
9065 
97882 
27577 
77194 
99411 
84639 
38776 
48908 
22343 
19653 
56851 
2989 
51112 
34045 
2482 
43223 
64096 
51447 
32172 
73306 
52889 
73679 
94036 
6124 
60716 
2756 
48917 
51875 
40400 
13975 
76359 
55196 
95310 
54857 
82059 
84766 
21062 
35939 
45317 
37455 
56899 
37502 
3442 
95488 
37145 
8825 
49530 
53317 
90420 
4974 
64440 
71869 
77290 
81136 
84635 
86128 
31385 
53256 
13925 
59312 
38191 
13894 
51533 
55316 
14680 
95539 
25296 
90780 
31707 
52983 
54548 
82118 
62955 
59604 
71231 
3414 
66540 
70734 
52588 
14315 
70777 
13530 
14743 
61054 
27835 
46479 
80971 
92553 
16018 
13003 
35922 
60792 
91682 
94904 
91286 
67551 
96584 
26315 
19629 
39686 
9560 
64127 
31811 
79801 
10136 
46859 
87665 
88686 
72637 
59223 
63502 
14859 
25285 
22973 
47145 
51114 
29651 
21610 
39265 
86734 
80440 
41607 
20759 
92824 
47112 
55905 
74604 
20074 
27452 
58284 
46371 
11633 
83213 
8111 
60958 
85607 
72056 
53325 
63197 
34051 
40107 
30722 
30122 
9058 
81019 
73614 
56619 
921 
64827 
70769 
85890 
92748 
55724 
92431 
60311 
72373 
36960 
19729 
64910 
78468 
6896 
1569 
19826 
29953 
72462 
99754 
74114 
57642 
22155 
63124 
47874 
28893 
8642 
56633 
88773 
47367 
31163 
51769 
91491 
5867 
90838 
29530 
61873 
92703 
73943 
20035 
48795 
75511 
64871 
9949 
43620 
71905 
23347 
94391 
12775 
51296 
31433 
85937 
25943 
55595 
14119 
78300 
1670 
71330 
96 
55640 
16155 
83847 
96752 
30735 
85855 
30795 
56223 
6511 
54905 
66016 
44039 
29290 
51764 
6608 
24577 
74493 
39427 
34783 
13329 
76686 
42055 
46049 
91591 
65161 
2707 
67530 
18277 
80498 
37550 
27431 
69845 
55538 
30674 
86981 
95568 
42742 
56958 
61805 
67925 
65929 
30910 
29643 
34907 
7313 
88393 
48725 
75341 
39280 
19345 
77855 
18060 
74571 
76138 
73729 
41130 
66573 
47352 
65286 
65326 
2886 
22739 
44479 
29317 
16948 
51532 
58618 
32335 
12503 
75193 
64054 
25105 
55355 
29367 
85362 
79864 
40105 
1563 
12710 
86129 
58188 
25671 
77455 
42442 
45591 
10383 
31956 
6805 
99202 
86509 
31176 
51569 
59010 
83804 
13909 
11557 
73843 
81549 
43161 
83721 
52867 
58288 
46723 
78235 
33219 
38282 
31461 
80290 
60029 
60744 
16112 
95180 
19910 
42675 
26040 
58818 
44628 
65407 
69981 
75028 
26340 
96781 
64228 
70856 
34350 
55214 
96327 
57341 
24111 
21594 
37559 
96952 
22052 
93975 
11112 
17130 
16816 
63653 
76726 
4458 
54916 
79163 
59199 
78652 
31675 
81428 
73836 
50254 
46118 
54951 
89990 
94647 
52123 
82020 
84625 
37681 
73143 
10245 
4510 
34563 
83370 
54288 
20674 
48503 
10951 
90386 
59382 
10579 
3903 
56491 
42012 
41397 
50482 
86373 
81781 
27052 
67131 
70012 
93373 
55447 
91237 
49156 
57501 
80659 
64769 
71058 
86722 
26996 
22204 
65386 
18209 
12992 
81828 
934 
9230 
45754 
53780 
83477 
56247 
1658 
23958 
74164 
98321 
21855 
58283 
4065 
61018 
4715 
4556 
50660 
19781 
15509 
52506 
29137 
10498 
7684 
57323 
78749 
13648 
53344 
57834 
68099 
5478 
24993 
83927 
80416 
18425 
80695 
48921 
41469 
90339 
76542 
81125 
81499 
72623 
78268 
89114 
81743 
81695 
67674 
55668 
52555 
10530 
27680 
83522 
99267 
14511 
62697 
945 
94377 
49042 
27475 
23221 
85833 
30271 
12307 
92710 
12839 
81494 
46821 
14982 
54470 
43315 
47741 
6952 
40804 
68185 
71890 
97835 
23140 
86520 
51359 
31610 
33941 
85407 
71184 
3537 
34312 
98941 
44410 
28889 
12554 
25482 
95163 
34962 
64185 
38454 
73161 
99300 
37532 
788 
472 
13047 
91147 
48312 
25764 
71456 
60117 
72686 
46790 
5528 
88103 
2133 
1939 
89101 
22168 
22713 
95641 
48086 
72931 
39638 
75536 
58191 
89762 
54884 
6320 
81352 
28549 
56112 
35589 
31539 
37463 
63501 
80231 
18520 
41988 
30770 
82993 
86994 
54689 
11715 
39043 
96557 
69920 
93217 
13126 
8043 
3656 
55454 
19739 
25874 
39121 
35431 
99570 
64328 
33232 
77182 
95443 
93530 
52251 
41870 
57936 
86527 
77230 
34858 
23742 
37693 
47630 
7109 
43263 
20531 
94802 
27805 
23353 
98723 
14639 
70266 
98884 
93708 
44883 
2475 
4640 
75698 
72084 
13522 
76934 
74344 
67466 
10768 
61547 
21483 
62926 
79522 
9243 
85998 
58407 
62924 
37581 
76016 
8933 
16293 
14796 
29482 
42276 
15836 
44032 
52539 
99379 
87278 
66624 
45068 
35365 
60850 
90728 
88830 
91444 
80189 
31419 
93240 
20864 
28656 
10983 
8618 
2730 
31162 
25708 
22190 
38300 
90809 
53560 
84506 
35079 
98189 
25715 
36354 
46860 
38830 
57698 
71907 
25566 
88237 
6750 
44979 
97201 
8296 
54358 
25856 
71271 
34544 
94262 
61091 
26344 
9971 
90937 
35417 
25226 
83107 
316 
37691 
51198 
19412 
98036 
84899 
99381 
39309 
22403 
8647 
45303 
92190 
70547 
35104 
12043 
96087 
59582 
7235 
9377 
29672 
46372 
71023 
95625 
95618 
64489 
89635 
5067 
26534 
7469 
46946 
25511 
1316 
97244 
21030 
98245 
47105 
72878 
57027 
37715 
10178 
10430 
78971 
26090 
28940 
26568 
51039 
89521 
84373 
32590 
21249 
89433 
31670 
9145 
21122 
58477 
49186 
68630 
15510 
8945 
37371 
77563 
87512 
97471 
72393 
59187 
1088 
16194 
22741 
88939 
95978 
37345 
81576 
37179 
29794 
2713 
75058 
95434 
46539 
3937 
68901 
14984 
35996 
59469 
41578 
64622 
71298 
79880 
49425 
97565 
24605 
65554 
31297 
8533 
79240 
44775 
43495 
11298 
64133 
74360 
1426 
79230 
55760 
72032 
14114 
58740 
78837 
30824 
89609 
92938 
53907 
83139 
50348 
93835 
71983 
49656 
31680 
37722 
77398 
88210 
28435 
48283 
45275 
66943 
59929 
55414 
51423 
10990 
52787 
29175 
4373 
46688 
75483 
29776 
60789 
64312 
7285 
41023 
37998 
59899 
14180 
90647 
25363 
50152 
58476 
65754 
52332 
65870 
34658 
63615 
87573 
30535 
41776 
8090 
72664 
78356 
73049 
23961 
50301 
95734 
10606 
41110 
98761 
66408 
65648 
87012 
8075 
21486 
1227 
79731 
43961 
61921 
1550 
12336 
36167 
53329 
87421 
34095 
5279 
70918 
31594 
31841 
87827 
8517 
8064 
22622 
73423 
22682 
53632 
1161 
64712 
2457 
95760 
84000 
98716 
29325 
84847 
21806 
18799 
73747 
80093 
4904 
67028 
87542 
93464 
57622 
73125 
85179 
53019 
83119 
89624 
79867 
68962 
50183 
67479 
4755 
35226 
45958 
11315 
89865 
56849 
84065 
41095 
30625 
5736 
30576 
69999 
76405 
6815 
16520 
3890 
73918 
94456 
4499 
93075 
14739 
87194 
9257 
42781 
86177 
29230 
94768 
27288 
71630 
25127 
31157 
89310 
39630 
41672 
12510 
80606 
656 
60058 
4124 
41305 
35893 
88428 
32522 
11017 
33052 
83505 
77676 
92690 
56939 
87129 
86061 
16813 
25488 
60060 
92219 
53665 
28109 
96451 
97407 
41940 
2087 
6374 
52205 
83882 
14289 
38797 
13653 
27151 
21381 
50623 
24531 
44652 
61961 
22818 
9077 
84304 
16108 
64282 
66857 
7194 
2575 
60751 
62990 
63680 
74679 
92890 
68924 
98789 
64466 
22503 
84443 
54148 
78618 
3708 
68238 
74141 
22804 
28802 
61555 
32866 
54352 
76832 
59302 
7409 
30352 
66214 
90455 
87454 
60622 
33826 
60325 
11577 
78199 
83174 
5255 
76104 
8468 
11796 
92958 
59012 
78394 
75373 
19348 
10273 
39861 
64605 
43894 
30407 
50034 
22209 
30901 
19103 
48778 
58412 
25286 
36168 
37151 
55813 
24864 
61046 
7396 
78038 
73411 
22062 
37780 
27859 
93213 
75235 
90981 
17261 
26812 
42973 
45902 
32773 
16696 
47350 
43727 
66166 
23083 
20919 
2093 
44090 
45475 
42050 
64423 
28201 
41064 
18959 
75411 
43740 
73415 
90948 
87685 
3428 
60079 
58035 
41608 
30537 
4765 
22661 
57386 
21740 
42768 
4665 
72863 
39695 
431 
5995 
55148 
63983 
11911 
16596 
88249 
82834 
3008 
95058 
47754 
59058 
13137 
56986 
64719 
88974 
51245 
89393 
78897 
35816 
68214 
35584 
90447 
32886 
19995 
83126 
11120 
48842 
74927 
39801 
62818 
70530 
20942 
56239 
85216 
88467 
50023 
51066 
82257 
68626 
53933 
45295 
17338 
10509 
26445 
52501 
24193 
3319 
38449 
77741 
48332 
30730 
33655 
72656 
1444 
25793 
1263 
67794 
32928 
48773 
61195 
2217 
49595 
78654 
4544 
33909 
64590 
41939 
47302 
9152 
36204 
35986 
48064 
90595 
74587 
59102 
84610 
83604 
79373 
87613 
47525 
42580 
33064 
21492 
43083 
96611 
8921 
85100 
40227 
18599 
55516 
9117 
56751 
43541 
62936 
20678 
63261 
80222 
8293 
37612 
2426 
60995 
24638 
25060 
49666 
53936 
21242 
70420 
50462 
14362 
87779 
43702 
28141 
571 
44362 
25826 
1537 
77198 
4760 
5335 
14199 
65688 
68628 
20028 
25749 
27276 
55100 
49914 
89331 
22981 
2190 
99290 
67148 
76849 
94559 
48563 
46894 
61505 
71954 
41275 
36441 
73824 
57101 
44341 
34674 
8939 
53418 
46907 
28103 
92449 
62687 
45942 
22080 
23420 
5923 
33964 
5514 
19895 
91995 
3124 
15876 
2250 
58518 
3165 
83983 
90132 
69406 
23605 
89950 
79571 
95743 
2621 
75137 
21568 
41307 
73158 
5116 
28628 
74736 
13377 
22733 
6746 
44844 
88204 
16176 
22159 
70965 
58129 
14844 
7550 
75952 
45029 
24545 
12136 
65464 
12424 
89465 
99465 
66518 
17451 
55761 
99559 
91025 
18061 
45967 
94185 
83235 
48584 
29181 
62373 
55664 
72080 
74753 
21387 
66482 
93485 
97820 
8314 
12848 
76237 
92815 
73404 
97753 
58402 
89354 
48924 
17538 
77167 
39500 
43440 
51133 
30353 
10583 
61817 
35954 
6620 
79121 
90080 
3286 
38726 
72662 
30030 
70759 
91775 
28833 
28506 
48070 
77597 
44401 
46809 
29347 
63760 
61741 
64774 
77257 
83146 
26470 
19747 
25988 
75429 
11543 
24541 
98547 
69150 
1960 
65772 
5771 
50661 
99760 
67171 
4316 
10984 
79699 
17621 
99169 
35269 
37982 
11861 
54370 
31111 
65025 
77101 
11868 
85116 
44294 
32946 
85957 
42784 
18622 
79104 
9311 
83760 
83347 
84574 
54718 
21133 
24567 
54824 
57298 
79730 
71210 
51573 
6071 
23091 
29908 
90414 
53193 
33812 
35745 
61988 
12022 
2231 
69949 
81500 
62325 
43619 
28568 
63190 
2261 
39240 
62202 
5631 
40316 
22963 
27116 
41731 
61411 
60969 
2641 
17571 
45679 
37971 
30498 
71561 
72273 
51282 
43471 
97812 
50645 
71026 
7255 
53593 
69759 
74781 
49173 
53415 
18511 
46305 
90039 
5313 
94632 
73637 
62179 
93923 
53176 
76110 
41109 
692 
40768 
63251 
82812 
95547 
78788 
1042 
86181 
84322 
52492 
82888 
97235 
66107 
92034 
72741 
33878 
90154 
97573 
68382 
98075 
33912 
89551 
76898 
70203 
87894 
41724 
68265 
15389 
56875 
38354 
64126 
89675 
73617 
98860 
24665 
26717 
46376 
55337 
11278 
83955 
16432 
90096 
42557 
41900 
57499 
70657 
64809 
29004 
81039 
50770 
85344 
76213 
75328 
99074 
74827 
87419 
91453 
48729 
38552 
60445 
31368 
91516 
61934 
716 
78730 
93449 
13267 
21715 
60028 
83971 
45578 
11824 
99073 
81891 
87162 
63746 
18288 
6602 
18048 
48522 
21779 
26054 
84450 
88853 
21088 
89899 
68330 
60809 
28211 
84127 
95491 
86565 
8378 
81993 
82727 
15431 
17785 
28336 
13201 
86828 
20784 
4257 
34696 
54417 
49420 
16446 
72809 
13842 
41465 
10858 
12614 
93392 
33053 
62335 
56891 
93520 
63724 
6054 
13935 
84365 
56307 
3381 
8891 
23719 
67666 
2195 
75175 
2059 
65682 
16663 
45504 
70920 
88101 
19718 
60308 
90972 
99992 
67107 
58692 
93747 
28853 
68489 
32655 
52896 
46560 
7243 
75759 
99022 
58184 
95265 
83577 
29071 
61061 
78734 
68053 
58610 
40112 
29368 
54049 
89732 
74615 
5132 
60901 
34295 
93713 
24897 
36326 
32645 
5687 
13783 
30792 
90054 
25212 
26995 
52557 
86864 
26830 
96437 
96893 
58887 
61755 
46048 
46453 
38104 
30533 
84407 
41293 
75022 
81563 
26243 
93438 
13630 
25321 
73759 
43186 
52 
1495 
82821 
16969 
81771 
65189 
6612 
82161 
57140 
11301 
47249 
25166 
27924 
34259 
1342 
49812 
25962 
31101 
85916 
79782 
56541 
30611 
23324 
50953 
78175 
89545 
5939 
8397 
34124 
50990 
86692 
80899 
35016 
12027 
39225 
89676 
40906 
76733 
92127 
13493 
98765 
55710 
79865 
99058 
98530 
78363 
14293 
16261 
81590 
1516 
46310 
42180 
1673 
25561 
34037 
21865 
24887 
21958 
82163 
14546 
27788 
18920 
78434 
82354 
94581 
20429 
25779 
77408 
55379 
26060 
43115 
47188 
86279 
31572 
35936 
75043 
99650 
92252 
82155 
97640 
79584 
78595 
87052 
93501 
20552 
12826 
89619 
30336 
75646 
70371 
88648 
19816 
99216 
82195 
68045 
58712 
43475 
84163 
85523 
47687 
13833 
94361 
46938 
78419 
56132 
89420 
32180 
79324 
70794 
84999 
29937 
76806 
89206 
64824 
80532 
68990 
34576 
81139 
10632 
81013 
91736 
94199 
77637 
99958 
78610 
35121 
45201 
28455 
20803 
35979 
10720 
4643 
98031 
540 
62417 
43109 
47720 
95350 
51355 
17532 
90957 
27093 
40737 
93490 
76257 
14216 
94011 
28783 
84259 
99245 
86973 
12620 
49980 
27507 
59679 
16848 
53473 
54087 
27913 
97219 
88613 
49202 
82034 
17494 
42620 
67027 
67264 
56122 
73493 
32617 
74068 
7935 
74765 
17389 
61005 
86096 
9273 
57989 
52030 
80768 
66659 
75141 
53169 
52283 
20584 
29233 
95975 
28904 
37967 
79961 
87131 
83918 
76702 
21488 
49878 
59914 
99562 
24508 
81200 
73632 
6722 
4462 
15278 
34245 
4016 
19429 
99037 
52279 
95295 
74299 
52839 
60411 
35670 
96797 
35630 
8423 
52009 
57584 
60228 
24186 
66082 
82750 
42666 
18147 
99181 
73867 
93132 
36357 
2955 
89129 
89768 
72753 
18239 
24641 
28574 
61549 
10465 
72126 
89937 
8856 
2874 
42643 
92862 
37149 
30999 
9608 
79759 
26864 
87584 
21628 
52025 
14986 
88787 
36540 
82343 
76608 
41192 
77523 
59220 
9210 
47764 
35070 
5848 
7862 
24242 
53792 
46667 
11063 
71227 
16554 
13804 
6700 
6156 
8364 
71280 
50299 
92608 
33631 
6664 
45309 
3531 
538 
58943 
59026 
31874 
50189 
22173 
2749 
74168 
75677 
32411 
93648 
40258 
88567 
76846 
63787 
47508 
54578 
84509 
98512 
33049 
83943 
85673 
83643 
85022 
87301 
58451 
5354 
18307 
57088 
82406 
98454 
11244 
31739 
3865 
30526 
45525 
96016 
55248 
4676 
10274 
81955 
2004 
39992 
48520 
42943 
85069 
66093 
28304 
61425 
24561 
28180 
6497 
26871 
26678 
96242 
88972 
75198 
17208 
88513 
60474 
38103 
15738 
10925 
7475 
96775 
6502 
3274 
45807 
45396 
25778 
52700 
27227 
30941 
94312 
59800 
95135 
60314 
15831 
81812 
15385 
28583 
88844 
8721 
41932 
91318 
80278 
55401 
33459 
17273 
66613 
61022 
10608 
14352 
6365 
95667 
60820 
60316 
53262 
1266 
67110 
18008 
51166 
25857 
46278 
77185 
60248 
13366 
33417 
63877 
94322 
36693 
74992 
87739 
69231 
79410 
36046 
1241 
18072 
62863 
62295 
75453 
8985 
20411 
12322 
38136 
63887 
18862 
52133 
56068 
47288 
82842 
48753 
18368 
89305 
96935 
2467 
86167 
50637 
43010 
88763 
27050 
96737 
79572 
74028 
79343 
56076 
62847 
67996 
58052 
29827 
28074 
87472 
47675 
18400 
31998 
89840 
28032 
38716 
17582 
54986 
4779 
44262 
49921 
55050 
73883 
19185 
11521 
55129 
80019 
95644 
4368 
67291 
5370 
36370 
82069 
7698 
5766 
22379 
8661 
52984 
78337 
58695 
65964 
96425 
98791 
38173 
7755 
44322 
79296 
40020 
6688 
79868 
30221 
31288 
96582 
12640 
28537 
24731 
50081 
96911 
1724 
35961 
70433 
12759 
81688 
55606 
89908 
30045 
66132 
62355 
32981 
99493 
7523 
88192 
16519 
73147 
72743 
9097 
35777 
57514 
41555 
87828 
64390 
2547 
31174 
98264 
40976 
70784 
65202 
70826 
79938 
28105 
34755 
37456 
65135 
37202 
15272 
13766 
37332 
9906 
36057 
13470 
40256 
80068 
64998 
23754 
94118 
75412 
46765 
95278 
56967 
4879 
98385 
42061 
62658 
66839 
14906 
10084 
30992 
83982 
80728 
50564 
37875 
91584 
43127 
83788 
7735 
84959 
53411 
74635 
4404 
1507 
46272 
7325 
14176 
48583 
90714 
58756 
63920 
71467 
4589 
62732 
822 
36311 
32767 
11054 
84695 
58266 
97316 
93514 
30542 
94928 
1437 
43305 
34669 
48149 
45759 
29379 
20005 
8368 
33488 
19032 
93526 
46359 
36583 
86775 
70087 
32062 
68390 
15375 
54940 
66778 
64874 
833 
74868 
51558 
46332 
83793 
28179 
25652 
68729 
67380 
31853 
68255 
16964 
82876 
56715 
4780 
92093 
26816 
44906 
53158 
20622 
2316 
24992 
90546 
18396 
69146 
24420 
22768 
99680 
88944 
71209 
95654 
95156 
66747 
60499 
88616 
1361 
94116 
26347 
26051 
8819 
62369 
30604 
31333 
35495 
37056 
26387 
38598 
8273 
8688 
49970 
38665 
95719 
77576 
44124 
55204 
26682 
53148 
21254 
33277 
60083 
83908 
87252 
80535 
2 
56985 
43741 
96945 
30652 
23673 
62138 
76928 
96032 
47652 
84749 
6783 
92475 
86401 
28227 
42724 
45597 
90406 
20259 
51582 
59832 
80375 
71935 
93711 
12688 
72389 
6660 
72104 
20577 
68336 
74851 
84313 
52551 
85404 
4120 
62813 
59016 
26979 
66630 
33931 
52069 
75320 
31510 
76782 
18208 
73245 
38733 
25740 
47818 
807 
72744 
71492 
76375 
15504 
7977 
85762 
97123 
13057 
24059 
58977 
89409 
60643 
12909 
12729 
24701 
51865 
76614 
78190 
37240 
33307 
30372 
92759 
50528 
79655 
1555 
49955 
20684 
12166 
78782 
38219 
39683 
239 
94284 
63372 
3635 
60259 
58470 
9327 
26966 
7486 
71522 
14865 
4274 
85919 
17572 
90244 
25164 
68322 
56246 
62157 
21953 
35885 
68300 
91022 
46449 
43461 
38853 
36911 
84553 
97442 
852 
88524 
19852 
14455 
54502 
42127 
10564 
47967 
40545 
45538 
74422 
95799 
57956 
5252 
69940 
75572 
53693 
29987 
84856 
70727 
66300 
4638 
63758 
54918 
32735 
3433 
57946 
96183 
71593 
58046 
26019 
73141 
81105 
36922 
88515 
28879 
38789 
65007 
76717 
2064 
37843 
3478 
57357 
39092 
31780 
26234 
19220 
49819 
56266 
11803 
72033 
34415 
82820 
16284 
44400 
77014 
23868 
15106 
58469 
87311 
43552 
62041 
95492 
63434 
54833 
66579 
34347 
67060 
54847 
18283 
34281 
79305 
74477 
60074 
6964 
73979 
19741 
83529 
18923 
22865 
91047 
14612 
23113 
74622 
53540 
98239 
81681 
69724 
14530 
32745 
92097 
43329 
80495 
58424 
55290 
93814 
23182 
90250 
19253 
17186 
98079 
73723 
20047 
51783 
47177 
87108 
2271 
71361 
80527 
62229 
12828 
77840 
71355 
80915 
3116 
96932 
55064 
86466 
31638 
85932 
51281 
29337 
87670 
83810 
82782 
77492 
3766 
30764 
77788 
45443 
21852 
8173 
69055 
35930 
45148 
87304 
5810 
4512 
96687 
62938 
23184 
43870 
17738 
22471 
79524 
30433 
45386 
2593 
17847 
12619 
78628 
67219 
8764 
10730 
88405 
20592 
80442 
17719 
42151 
26332 
22616 
25114 
76159 
93957 
66339 
51335 
15192 
83190 
93838 
61960 
37985 
34557 
18761 
87691 
64782 
69823 
16755 
74697 
84616 
47024 
88603 
4986 
94450 
70442 
7101 
59145 
72277 
66522 
88077 
33901 
12012 
95709 
9421 
56366 
73287 
65024 
61154 
59589 
77032 
15225 
24730 
56353 
1791 
14367 
90863 
82464 
75446 
22398 
34316 
64676 
73643 
78321 
49450 
17053 
36636 
44765 
11361 
75886 
71944 
13986 
33547 
2288 
810 
57217 
83407 
25724 
16448 
9180 
98405 
33710 
26564 
5559 
55269 
18332 
2524 
24034 
73753 
69686 
40138 
33429 
53562 
29528 
67889 
72173 
5409 
38017 
56201 
49726 
38016 
92384 
44750 
91336 
61711 
78359 
88243 
26182 
37067 
8871 
12983 
62601 
63577 
61519 
58117 
46992 
92406 
22798 
4584 
53261 
30623 
58973 
23799 
67864 
98820 
10381 
79442 
6109 
7435 
4284 
46957 
53013 
32329 
75048 
16846 
2305 
38355 
26269 
41871 
65302 
45846 
75360 
39447 
68051 
62646 
17403 
45063 
39948 
18633 
13203 
47012 
46092 
89552 
67518 
34066 
72751 
14052 
53004 
73316 
71556 
83627 
8241 
10755 
87632 
64049 
89405 
20233 
26751 
41649 
41270 
30811 
99059 
4421 
67751 
53651 
66148 
17025 
17020 
3945 
5386 
49941 
32334 
44789 
1244 
75846 
30081 
11909 
273 
58781 
85343 
45282 
32338 
35294 
19899 
27170 
8950 
84180 
35460 
85567 
39777 
23979 
82182 
3224 
52424 
40162 
6432 
2962 
82011 
17521 
11405 
9508 
76693 
71078 
94394 
12899 
92523 
59293 
1018 
8549 
60305 
9060 
66593 
70237 
96011 
44624 
49266 
51026 
87006 
84315 
10577 
18720 
24626 
34504 
29299 
30693 
90407 
97639 
531 
22478 
73928 
86672 
71008 
16543 
22874 
52739 
51771 
81497 
59919 
76197 
52325 
24112 
66130 
52519 
15698 
1037 
38217 
31432 
22815 
44752 
86754 
93591 
78092 
45583 
16123 
89324 
52459 
6814 
44975 
41852 
43798 
32127 
28221 
92281 
5887 
79658 
94242 
74631 
18933 
47792 
18940 
63259 
67542 
29182 
21993 
71128 
73361 
88362 
97218 
9734 
68613 
52734 
12134 
36627 
42910 
67331 
32226 
35340 
7453 
9364 
77959 
27326 
17961 
66633 
6400 
92420 
10319 
3994 
83735 
30009 
80182 
48593 
13596 
74470 
1461 
53002 
52497 
73425 
63517 
2244 
17645 
10401 
45762 
73586 
4530 
19291 
32905 
11594 
54781 
57942 
32223 
69378 
84737 
35170 
96814 
68180 
91098 
69240 
12066 
58566 
9287 
18861 
23999 
83544 
15308 
52274 
66674 
65136 
65719 
76649 
90576 
21949 
45338 
48886 
73822 
91744 
6702 
28531 
13099 
22359 
84454 
77737 
97215 
52226 
17600 
3129 
94845 
71692 
303 
49811 
90833 
38336 
21240 
35361 
69015 
35329 
64710 
9054 
73063 
93256 
79998 
83763 
4115 
42393 
40486 
2563 
41587 
59938 
27767 
20563 
16503 
92505 
57697 
24434 
86137 
69454 
11976 
92627 
14431 
88617 
64230 
9376 
65869 
50880 
46331 
47412 
1106 
28579 
95405 
3710 
47041 
54400 
15153 
44663 
3697 
39195 
77063 
28803 
34428 
11065 
6012 
21657 
59728 
51048 
15101 
24957 
86188 
61445 
32364 
33348 
97054 
49130 
78421 
65723 
71691 
99742 
77731 
73738 
38996 
64921 
67290 
25829 
90409 
20869 
93215 
7896 
52834 
45230 
55868 
80827 
18794 
44194 
96749 
48272 
42662 
19150 
53213 
9602 
89097 
9137 
14992 
92492 
49554 
9022 
93754 
77801 
70102 
45576 
78789 
6350 
43293 
95154 
47330 
34736 
93161 
41295 
57679 
21271 
35790 
12820 
57458 
14717 
46582 
46474 
41818 
19658 
34365 
82913 
13734 
8158 
30361 
96862 
73877 
93663 
80273 
49610 
76120 
78053 
73760 
39466 
3987 
62678 
58527 
99865 
52642 
95525 
62347 
46430 
65605 
34579 
97886 
37999 
24019 
34983 
66940 
79598 
29700 
26278 
36630 
17121 
440 
23554 
74533 
90533 
86955 
91545 
41992 
54614 
42755 
91999 
37316 
95256 
80369 
21655 
57205 
65013 
68567 
13622 
14165 
82525 
88453 
23158 
21904 
46883 
61231 
48139 
77600 
41880 
53531 
95683 
25796 
89735 
5414 
74647 
61602 
9720 
37414 
21631 
44710 
4430 
45564 
50595 
268 
85527 
80546 
546 
47698 
30688 
29571 
83210 
65317 
63878 
533 
44485 
60428 
53969 
88938 
79062 
46386 
54270 
34748 
96444 
9038 
5267 
21282 
79417 
92338 
94104 
57056 
50059 
9534 
71137 
8140 
6820 
30334 
90916 
94680 
10104 
18011 
89668 
26139 
33041 
52284 
53630 
79384 
18600 
64531 
22374 
67273 
87884 
1719 
78040 
68948 
34359 
26668 
58092 
12862 
26625 
68704 
4862 
35385 
21419 
98243 
19753 
38468 
88125 
10420 
87423 
99948 
27744 
77766 
51150 
98897 
83223 
86966 
98555 
11815 
94001 
77663 
25672 
1674 
89096 
21892 
13528 
30331 
81194 
54209 
36947 
41527 
1973 
98637 
40366 
74410 
35318 
35956 
7601 
87225 
37917 
65021 
74110 
62382 
72492 
77013 
84001 
45820 
53361 
47319 
18499 
88851 
35578 
84369 
64502 
38082 
68542 
66443 
5183 
35204 
8619 
72929 
79392 
59128 
37571 
29433 
94958 
37284 
76833 
60240 
44937 
95693 
50743 
85834 
70093 
51187 
37810 
39691 
27748 
54691 
81410 
91768 
89921 
70905 
9432 
53240 
47428 
48434 
97342 
57823 
55681 
60770 
37320 
97605 
90902 
78827 
93693 
43417 
38338 
42713 
73620 
20736 
11838 
53971 
98068 
49669 
44031 
37813 
92170 
75852 
94789 
55583 
23663 
40253 
56175 
83711 
6524 
67193 
23246 
26774 
5822 
57492 
77413 
95223 
74300 
32846 
93241 
93398 
81484 
92049 
42596 
78702 
33446 
99337 
20334 
17818 
80810 
37373 
39818 
24800 
46161 
67900 
86030 
12923 
92497 
52333 
31366 
24235 
69597 
11468 
97858 
64363 
84825 
66079 
58762 
60959 
33188 
23702 
60084 
64852 
42540 
93380 
71458 
98170 
23123 
82914 
67533 
10088 
13527 
46021 
58311 
93807 
48508 
31840 
95413 
19613 
38767 
94524 
21746 
19411 
98296 
59480 
79702 
37044 
56644 
75168 
79614 
29784 
24506 
95232 
79886 
4653 
48774 
96111 
45078 
98952 
42611 
45514 
51334 
4645 
18346 
33087 
88356 
72667 
69242 
44606 
60143 
50889 
44797 
94969 
53065 
91956 
89935 
73082 
54742 
42148 
97369 
19073 
64044 
32420 
35518 
49598 
86450 
56337 
8839 
91173 
9239 
69676 
93330 
30310 
41065 
82635 
84673 
70156 
5293 
70951 
27954 
27155 
20385 
76531 
91559 
92913 
65287 
31587 
52524 
13701 
34553 
21526 
98905 
92210 
25229 
28209 
51679 
39205 
95281 
58360 
74089 
29032 
36474 
38811 
40827 
48157 
14588 
50030 
36530 
35432 
62823 
76105 
30248 
13403 
90865 
71327 
72015 
47644 
17840 
99154 
70354 
70505 
26286 
29545 
53068 
68544 
37444 
6200 
88149 
69248 
24103 
80589 
95805 
23317 
65026 
66974 
20975 
65616 
49636 
63523 
78815 
89215 
80846 
2448 
64005 
58780 
27568 
65112 
24355 
38065 
24690 
88045 
41704 
59193 
2950 
76092 
28296 
1617 
72141 
90297 
36438 
51745 
96651 
79789 
60788 
1206 
23507 
21245 
67855 
78606 
36443 
45323 
55616 
64198 
11016 
6718 
47174 
56551 
36777 
7104 
23452 
88075 
49077 
47468 
10096 
41937 
10663 
77850 
97781 
47706 
18227 
8919 
66966 
87817 
57567 
37545 
59231 
49008 
47798 
42551 
51351 
88118 
69927 
82864 
85163 
13145 
89702 
64211 
37057 
13070 
62858 
24319 
49891 
74206 
6618 
72584 
38012 
76538 
39282 
90266 
51499 
48337 
7223 
64412 
20313 
33372 
64880 
41521 
91312 
49550 
10566 
12638 
23218 
28585 
29381 
46652 
75720 
7376 
16712 
65134 
22550 
51025 
95195 
70879 
21023 
67616 
746 
63966 
79911 
39376 
38599 
74715 
20470 
50921 
6314 
88486 
35449 
42669 
55352 
5485 
31227 
355 
7304 
509 
4470 
60223 
1048 
9624 
82395 
32524 
65290 
586 
76095 
47419 
53378 
7694 
79807 
21593 
717 
81440 
27766 
98549 
12789 
85784 
77354 
38879 
34460 
13424 
80572 
92728 
40141 
58161 
43121 
96517 
62948 
34940 
45529 
7496 
74641 
83394 
85115 
44955 
30544 
87445 
38813 
51800 
31596 
38817 
33894 
21796 
66335 
88736 
59845 
63879 
44111 
11539 
40359 
44007 
54749 
32664 
43210 
87449 
28052 
33543 
18902 
74215 
8870 
82131 
71226 
87917 
69343 
91215 
40355 
19484 
22025 
63924 
28575 
87657 
18688 
86077 
65031 
74973 
16173 
97611 
38222 
7214 
10582 
40676 
22595 
40695 
10724 
99278 
29250 
91885 
84378 
11293 
33268 
74429 
43197 
16355 
21599 
61838 
45071 
47852 
91153 
96542 
26969 
93350 
48343 
37770 
31590 
78237 
80259 
45568 
77407 
71406 
8897 
62699 
47653 
52100 
5114 
63711 
2595 
30895 
55426 
87656 
37618 
98488 
4880 
58309 
9575 
39702 
19962 
50724 
76660 
38784 
18224 
87517 
39112 
98645 
25231 
73397 
10331 
45198 
70502 
8707 
36609 
90358 
80892 
5676 
12135 
20355 
82669 
2041 
39541 
40589 
49391 
22846 
34744 
58919 
71434 
25572 
33015 
73938 
10005 
43323 
42452 
68582 
41976 
29966 
26244 
14772 
25206 
69473 
53400 
20426 
33375 
61614 
1058 
4160 
31372 
3533 
95128 
97411 
30311 
33423 
32782 
19390 
69781 
61092 
5968 
85845 
41856 
21743 
10525 
289 
76416 
68230 
95860 
89355 
44017 
53107 
46004 
7188 
10131 
92720 
65206 
43886 
61324 
51171 
52845 
47321 
62399 
17922 
46649 
65876 
67824 
65757 
6735 
4838 
57866 
814 
92574 
20985 
19124 
96338 
7360 
40749 
41714 
95372 
55496 
73050 
32099 
95533 
51638 
8613 
95801 
48227 
42841 
20304 
48250 
64319 
7237 
72758 
77527 
69018 
68187 
10867 
5462 
78341 
91141 
19664 
69591 
25766 
3400 
80351 
22748 
81274 
8781 
67168 
70084 
41096 
2025 
16006 
41795 
86583 
11093 
55751 
7412 
93073 
26448 
39559 
42515 
74142 
23947 
81152 
90597 
53645 
99504 
39715 
5708 
50110 
64184 
82183 
86140 
18093 
827 
25745 
1599 
71114 
35369 
90465 
67969 
43482 
51482 
16076 
16292 
49437 
43361 
30897 
4332 
41075 
17476 
22329 
61189 
89874 
85446 
43303 
75426 
13356 
60466 
86905 
24053 
9225 
37494 
57933 
27934 
20846 
79040 
5475 
70702 
75905 
82476 
19171 
29637 
77109 
96445 
11109 
75538 
44635 
13125 
15816 
1279 
82563 
62340 
59730 
4978 
83366 
39467 
94354 
30213 
27514 
79135 
64952 
3283 
25205 
98900 
54152 
46087 
87295 
16253 
78959 
59244 
93978 
82435 
72822 
93827 
96281 
54759 
65998 
18800 
51486 
12657 
2770 
76566 
48827 
3158 
8307 
77890 
24960 
6884 
18383 
60174 
46184 
79170 
9477 
95131 
32311 
98319 
96816 
8735 
26573 
61493 
27704 
68480 
10973 
26753 
86455 
85518 
83252 
52297 
71464 
76745 
63416 
26670 
89796 
35423 
42649 
74575 
53515 
66002 
86154 
18378 
32948 
74763 
37048 
85872 
27849 
90256 
80345 
86318 
85730 
49412 
34869 
55448 
18217 
20515 
11735 
52990 
73276 
30596 
1641 
56057 
54137 
71249 
14239 
49393 
36755 
44353 
68676 
9284 
16234 
54071 
38888 
38522 
80554 
45818 
99769 
15457 
44060 
88990 
72266 
56074 
39709 
13467 
33440 
79099 
31699 
93347 
21290 
52937 
58929 
20880 
86999 
89009 
28462 
2968 
38681 
12988 
84717 
40375 
83327 
19395 
99448 
4340 
29497 
26667 
97757 
45383 
63180 
38851 
28951 
78796 
6505 
2350 
98781 
13206 
19266 
41453 
18222 
1035 
64022 
21626 
94673 
15962 
75939 
5815 
47730 
98688 
17137 
75877 
20980 
68386 
57 
90192 
53401 
18575 
32125 
12203 
88788 
69494 
91825 
46246 
11906 
26949 
55696 
55782 
93376 
88154 
18050 
5740 
20657 
93531 
10979 
49740 
72926 
92709 
15634 
6047 
76941 
85659 
24166 
87007 
84955 
94981 
35960 
76735 
87381 
70404 
11790 
28850 
80774 
57151 
22068 
87192 
46461 
87519 
32875 
48654 
49453 
3463 
49571 
54314 
58485 
28087 
56840 
38194 
43384 
13296 
93328 
632 
52864 
71220 
12951 
84355 
2761 
16573 
32442 
21816 
52244 
2953 
33818 
5780 
5011 
35174 
17258 
83274 
42104 
82338 
36599 
98330 
65422 
93585 
66551 
14234 
70953 
54462 
85790 
30701 
66341 
4934 
66280 
2518 
4897 
66582 
77733 
32704 
22555 
67923 
44075 
13765 
43106 
40960 
83214 
38852 
39074 
16984 
64002 
79668 
34012 
91572 
12033 
81429 
52214 
10483 
46281 
83072 
16933 
21283 
35797 
47756 
41441 
57036 
21737 
41311 
866 
96888 
45360 
58464 
91126 
27283 
59837 
90706 
70687 
89781 
34920 
23414 
89441 
45091 
2545 
61002 
69373 
15234 
92880 
76126 
134 
33571 
26031 
69348 
48757 
64735 
53870 
33017 
74456 
54060 
78158 
82549 
13610 
86541 
56080 
72073 
23546 
59136 
7930 
23316 
54492 
72517 
25605 
75994 
32718 
59368 
46590 
44429 
2460 
93962 
22962 
13200 
26076 
47152 
27279 
61302 
76349 
29026 
67463 
90141 
17629 
80143 
58898 
93462 
39789 
13552 
77547 
31417 
67963 
36793 
10661 
76276 
31335 
12004 
63853 
11860 
61419 
19376 
78922 
74787 
64400 
78849 
39530 
48432 
47440 
30878 
36313 
29322 
87364 
9898 
92803 
17853 
43180 
84731 
45542 
77785 
47903 
49409 
93314 
74235 
65038 
90100 
59386 
46884 
61723 
67673 
99539 
1592 
21332 
79067 
13504 
19529 
34537 
25295 
80322 
10846 
7751 
49923 
99877 
4429 
76041 
61389 
17543 
94587 
13002 
59353 
99608 
15728 
3086 
52141 
11755 
69917 
18996 
72858 
19542 
17968 
1643 
93524 
59644 
3935 
11770 
33533 
15352 
23747 
80839 
51210 
74086 
74886 
87597 
70939 
49332 
7780 
66560 
97358 
77301 
93562 
34527 
47460 
66841 
83003 
63135 
99142 
36882 
19038 
65578 
25991 
7999 
50106 
82507 
9046 
58770 
63892 
92172 
26635 
77985 
66801 
60113 
90775 
2066 
98984 
75972 
88739 
76638 
56693 
24317 
52637 
88220 
12312 
76028 
39579 
60319 
47040 
62110 
7858 
66084 
37733 
13787 
3323 
16235 
18951 
77953 
95882 
17510 
87069 
73299 
17094 
59754 
39526 
71525 
38622 
30695 
33618 
49031 
42806 
52109 
3729 
78888 
87136 
47388 
28577 
97190 
3235 
92884 
14112 
50684 
48158 
70390 
6107 
70486 
1881 
66715 
33651 
36768 
28510 
65703 
60580 
92207 
81121 
28499 
19178 
54955 
71853 
71374 
38764 
70469 
92947 
6908 
71379 
75727 
44643 
27879 
95401 
22327 
22546 
97083 
13557 
77406 
8182 
68778 
65587 
5287 
67234 
80511 
58866 
46065 
48625 
95647 
94415 
1991 
35437 
52905 
70992 
77960 
70883 
36976 
75927 
35106 
97459 
33295 
14709 
32148 
64559 
53398 
19967 
53533 
52191 
75621 
67064 
77421 
95735 
15707 
70195 
85280 
49614 
58373 
43984 
6319 
91116 
89596 
41843 
35291 
84397 
31762 
81619 
59055 
38639 
7495 
91723 
46806 
29420 
72611 
60260 
50600 
96155 
79488 
71186 
5603 
41659 
18647 
54162 
8239 
65088 
8941 
65414 
30720 
78096 
87547 
8426 
78873 
90650 
7511 
37271 
51267 
16658 
6479 
53900 
29837 
99331 
14617 
15489 
35428 
22420 
67332 
24289 
75529 
64386 
27069 
40496 
64953 
37879 
10950 
17565 
1554 
60554 
22656 
93644 
34501 
13014 
30618 
75533 
22715 
41398 
23120 
73139 
62474 
62840 
40636 
10408 
25582 
35995 
84474 
54679 
87158 
75105 
88238 
63384 
89196 
74794 
66180 
90843 
43484 
64501 
53412 
42601 
10307 
11130 
72484 
5500 
48060 
8467 
86882 
82216 
50049 
67657 
70474 
7712 
97796 
83888 
50461 
31283 
89150 
47309 
66212 
6719 
643 
40533 
93928 
88958 
32165 
79293 
51034 
39356 
28954 
70549 
82152 
43797 
59633 
10860 
82619 
3641 
39353 
96187 
15795 
92070 
30463 
31501 
5753 
13293 
50860 
12942 
91245 
6408 
24098 
26798 
43277 
12916 
23755 
24902 
22670 
30320 
35335 
72616 
49233 
5539 
24859 
24940 
77765 
26098 
2910 
95880 
71672 
4285 
49717 
33609 
89677 
73809 
67934 
76655 
51107 
39612 
73473 
32849 
51894 
35193 
63660 
13988 
59028 
69586 
47713 
53087 
89148 
46681 
62877 
58727 
55823 
58399 
13250 
69322 
17953 
39885 
74455 
49161 
56858 
26950 
80185 
43754 
50931 
97512 
98882 
92858 
21658 
86939 
18564 
72199 
72900 
23969 
58219 
38537 
65576 
54453 
43547 
35595 
91871 
56140 
94325 
99157 
57214 
37356 
55520 
48482 
1418 
6072 
26037 
87507 
90760 
88574 
75285 
23558 
97282 
16400 
90813 
64445 
77497 
26198 
63522 
3944 
38617 
46546 
82063 
80035 
26122 
40548 
89208 
87647 
71495 
39491 
90983 
58882 
57213 
79015 
74408 
54289 
12647 
95832 
4207 
95060 
41683 
13213 
29460 
66390 
4572 
3227 
24455 
45641 
63687 
30391 
41025 
47223 
6725 
588 
20018 
53484 
34591 
57362 
27729 
58336 
7320 
56031 
19638 
70703 
37525 
55497 
43555 
74951 
14454 
72579 
26323 
96314 
88357 
5135 
33122 
5832 
26559 
94576 
55603 
23722 
14509 
31657 
79796 
9263 
66074 
36934 
51155 
23611 
40215 
363 
61950 
39392 
12605 
36821 
54434 
78742 
6523 
95076 
36994 
99836 
865 
10304 
37297 
19497 
59692 
45133 
1705 
29159 
23792 
78700 
51825 
78687 
7185 
21996 
65766 
98447 
52486 
99147 
65042 
80418 
5123 
50246 
12979 
86937 
16257 
10107 
74545 
85031 
98430 
96193 
79479 
9140 
83682 
35738 
95686 
8554 
98544 
62222 
85981 
73530 
15121 
28484 
45822 
17410 
37889 
60932 
19015 
93057 
81248 
7353 
78495 
17454 
38692 
40853 
11321 
94794 
69551 
18256 
51744 
8366 
8649 
72010 
80692 
50231 
13220 
65591 
47489 
82341 
40495 
55381 
99833 
83892 
51413 
99077 
79972 
84410 
86512 
15460 
19570 
47282 
6671 
92470 
19783 
77085 
23234 
81101 
22958 
64360 
94678 
52077 
21925 
21817 
77299 
10934 
32755 
90817 
63118 
31683 
39290 
36239 
86584 
39149 
68286 
74355 
56055 
47279 
64697 
12274 
21535 
25912 
98642 
47855 
33133 
94807 
54762 
25354 
1911 
36674 
66001 
88042 
17268 
27896 
68640 
32507 
78322 
23084 
45628 
27382 
40135 
98493 
96310 
76760 
96942 
32525 
31308 
22727 
10555 
95484 
27295 
50300 
60575 
14308 
42216 
8312 
87022 
73173 
60105 
17966 
57859 
43068 
69346 
64672 
78648 
22142 
40907 
74744 
22809 
51751 
85413 
64429 
75038 
54305 
23985 
83345 
42718 
85656 
73541 
94106 
93140 
86687 
35321 
86417 
86490 
15645 
72716 
30920 
89118 
75624 
64657 
6802 
21837 
91547 
76802 
53720 
50563 
36820 
24132 
10694 
69835 
49938 
22255 
34168 
26572 
27976 
71259 
16472 
14379 
69337 
32986 
63061 
9779 
50260 
21420 
37298 
10877 
40464 
2674 
79530 
81703 
3111 
37565 
10774 
97612 
85626 
79832 
80496 
83687 
33869 
69422 
69212 
16786 
75498 
31243 
24855 
10293 
27266 
82360 
67817 
68507 
97597 
88063 
15326 
23134 
33845 
83461 
77932 
84202 
56348 
67313 
88227 
3140 
40323 
9974 
92391 
66640 
96199 
70412 
23508 
43820 
83056 
83138 
39922 
75240 
58438 
10476 
93712 
64277 
72890 
43212 
36353 
96439 
59803 
52155 
22453 
87652 
72255 
2554 
48674 
22889 
17299 
38220 
38961 
38275 
14221 
60216 
95628 
59960 
64725 
2248 
93870 
47621 
99840 
92897 
55218 
31039 
22302 
48905 
75039 
23124 
85060 
19699 
34689 
28370 
50052 
53755 
6825 
23379 
61729 
3534 
82822 
27397 
47371 
99419 
41420 
3033 
39764 
40186 
79925 
16523 
37359 
11684 
478 
68623 
57617 
55502 
21400 
77414 
15191 
64078 
11663 
87036 
53284 
96334 
86492 
68580 
23098 
12776 
22059 
74432 
56545 
8142 
4521 
27760 
59708 
15678 
61543 
5207 
53849 
98711 
75301 
35090 
8696 
55991 
88438 
92403 
21262 
11676 
54795 
6482 
5345 
61855 
65463 
24441 
59519 
70258 
71162 
80337 
49620 
79627 
20824 
35314 
50374 
97055 
5804 
14262 
606 
86430 
59897 
42510 
505 
22873 
59380 
44758 
84754 
6627 
56646 
4307 
89983 
67875 
62943 
56427 
88751 
70899 
42500 
12451 
95344 
47453 
52819 
10676 
97451 
99494 
95346 
44877 
10016 
6577 
69889 
48898 
14697 
69152 
77081 
15875 
81283 
54364 
46664 
18892 
58395 
78905 
3457 
18058 
25730 
68184 
74584 
28599 
17932 
17418 
81498 
74540 
86436 
10658 
19256 
31553 
81614 
64393 
91829 
85056 
16769 
58680 
45488 
36187 
7035 
14406 
72183 
41624 
88886 
96112 
35887 
54881 
666 
33886 
81603 
86107 
47971 
18403 
95444 
71356 
51289 
47909 
85606 
87199 
90898 
57868 
40238 
80519 
49213 
58374 
96880 
44457 
47962 
82742 
61935 
9788 
42267 
62517 
70016 
55653 
89403 
51791 
26587 
11222 
3901 
12058 
66928 
13856 
77946 
97279 
14702 
30203 
4468 
42400 
55184 
46323 
62276 
27972 
20276 
6733 
30505 
51626 
95675 
21603 
21500 
55081 
23276 
40510 
95555 
97391 
9312 
28780 
61651 
42403 
10719 
41719 
8053 
99644 
81908 
40389 
92788 
1050 
35895 
72840 
44771 
54574 
44992 
85444 
62998 
66483 
27465 
1723 
37595 
53923 
7375 
26313 
26036 
73624 
26771 
21415 
24843 
2230 
12720 
39937 
54085 
37103 
93331 
30183 
3779 
19984 
82350 
83009 
56078 
22151 
88695 
27792 
76706 
17839 
41523 
41354 
54452 
17513 
78077 
39917 
57191 
56781 
30103 
80525 
56085 
11116 
89247 
34409 
94103 
58200 
67858 
52094 
77451 
19686 
69603 
41258 
47961 
92246 
76697 
33927 
52129 
72433 
89078 
95332 
1843 
98961 
27156 
45085 
37711 
18018 
39990 
4943 
37167 
51252 
62416 
43317 
47346 
78647 
19928 
58094 
2463 
66028 
48130 
40950 
94731 
88569 
14136 
62749 
83833 
68835 
48777 
25880 
72963 
98332 
62792 
64963 
34726 
51561 
29407 
31658 
66216 
88450 
88274 
13094 
60801 
14548 
46867 
31952 
60488 
74280 
69439 
5829 
13576 
87615 
37552 
62287 
62583 
96102 
91669 
3060 
30154 
94315 
38397 
26767 
29869 
59195 
76902 
19488 
55818 
42426 
74742 
20087 
71255 
81405 
40782 
585 
9082 
65527 
48890 
54179 
75732 
25690 
60667 
55665 
40669 
55078 
89608 
16488 
59362 
84346 
89288 
36456 
94441 
24230 
55553 
29777 
98459 
29490 
5400 
96953 
74228 
681 
14258 
22282 
22384 
58015 
50787 
16872 
25885 
82730 
84998 
24292 
39748 
39409 
84047 
30500 
18738 
70566 
71065 
17473 
79158 
54446 
10257 
28493 
17166 
96061 
40339 
39019 
15393 
54089 
16836 
45459 
16495 
41221 
3814 
93080 
17344 
1155 
50168 
3106 
84479 
91149 
13495 
78121 
54631 
58544 
89707 
43800 
92069 
74291 
72771 
95109 
86213 
46495 
40877 
59846 
12802 
47737 
52104 
32555 
10958 
71331 
44319 
83725 
56582 
19791 
69633 
79746 
31309 
34759 
85639 
8958 
57084 
47238 
35755 
82753 
74755 
51643 
80434 
233 
11476 
69627 
57063 
60481 
19384 
7915 
4477 
19944 
19232 
52837 
33824 
12270 
59718 
34301 
49358 
47866 
83602 
15969 
34099 
95325 
3783 
39928 
97119 
16556 
36427 
15214 
8333 
19736 
81806 
28731 
43067 
11174 
32392 
52765 
83959 
65494 
15622 
99767 
3159 
14975 
78744 
14446 
4861 
51730 
7782 
26600 
42245 
79928 
64113 
118 
48631 
1089 
37903 
48445 
74137 
5691 
46831 
65066 
15340 
37214 
46700 
58370 
38310 
15842 
72250 
37650 
91575 
98983 
29493 
10668 
68770 
26114 
18685 
63012 
97472 
25542 
94335 
36681 
24697 
38688 
44312 
1526 
20033 
48944 
77236 
82342 
45721 
82223 
34927 
54489 
41091 
65560 
51293 
89697 
25877 
58862 
54942 
58570 
72289 
66500 
33733 
68395 
25509 
93808 
30728 
58547 
34149 
94797 
57467 
70410 
20500 
64624 
22961 
95519 
68668 
78217 
45556 
57067 
40230 
51634 
16598 
3028 
70353 
66105 
58392 
85425 
72733 
64114 
61937 
45787 
5181 
29662 
46919 
36774 
58764 
69613 
68168 
96989 
75909 
44216 
48696 
98596 
89920 
65067 
11794 
52727 
71459 
82771 
88369 
42782 
46525 
9798 
73241 
63255 
64925 
1924 
29542 
82701 
58018 
7078 
31263 
22693 
98599 
63576 
7842 
60397 
52738 
41245 
18361 
15118 
47242 
13222 
40136 
17764 
22686 
90245 
63232 
76124 
45892 
59422 
86629 
83761 
2062 
77192 
61321 
30503 
37689 
26654 
80410 
94393 
54664 
64977 
7699 
44097 
33296 
6222 
24368 
98289 
9817 
50967 
1750 
59611 
49298 
60391 
91936 
60192 
80466 
96619 
77622 
40914 
81785 
90279 
27973 
36560 
64846 
87254 
78578 
40184 
83420 
7124 
32360 
72487 
98146 
93539 
9498 
83973 
56785 
84697 
42334 
4570 
67338 
57636 
368 
91777 
86990 
90212 
45666 
87117 
74995 
59961 
86416 
27342 
47826 
13294 
74186 
4085 
74124 
69524 
85349 
37713 
19363 
89329 
98227 
50080 
45427 
72112 
15441 
65914 
26986 
26585 
39960 
37499 
38362 
25468 
7190 
54059 
84037 
42202 
46420 
14632 
16858 
25150 
86439 
44069 
54116 
58375 
1717 
12762 
87855 
406 
19713 
41746 
24559 
26324 
93956 
63479 
10263 
7572 
54816 
64757 
66018 
73622 
30343 
90536 
52902 
65758 
72086 
93718 
48698 
33021 
73372 
69327 
89868 
51113 
19645 
29085 
38263 
55451 
34849 
97761 
65733 
51727 
21251 
21981 
52552 
64541 
1346 
97243 
34466 
53947 
80681 
3606 
5341 
70599 
62700 
24838 
12708 
58237 
17230 
68430 
78028 
22493 
60492 
69704 
53662 
28480 
24633 
55931 
67744 
50911 
46555 
23407 
7499 
86761 
92411 
66233 
41528 
86018 
73806 
6771 
68473 
22930 
15334 
16295 
76773 
81625 
70572 
16971 
66246 
85443 
4232 
57601 
70385 
24148 
57208 
51845 
50848 
25922 
75622 
23944 
41996 
4711 
84596 
83012 
18898 
63398 
11446 
21945 
9698 
65574 
29781 
69858 
27365 
52683 
79636 
54154 
42337 
50118 
19143 
74523 
50514 
90021 
43292 
76869 
35179 
34843 
21587 
90402 
80463 
36671 
21128 
30982 
32812 
62744 
3541 
34100 
58085 
61400 
25882 
51325 
65715 
75371 
14369 
35707 
82912 
24124 
22984 
84913 
16467 
23293 
27705 
312 
49148 
87520 
91350 
84359 
5566 
75645 
92299 
12102 
65131 
61163 
90810 
34692 
90999 
73952 
81868 
82032 
62889 
96667 
68946 
22179 
86398 
51839 
48271 
50426 
54867 
59907 
28856 
10351 
32019 
50541 
77871 
31092 
54296 
46528 
32520 
38836 
25064 
64872 
72040 
43363 
10011 
76137 
20218 
84213 
24511 
97323 
29824 
47264 
63891 
61943 
75396 
79154 
19050 
25941 
40450 
26173 
86349 
96903 
76493 
39457 
81065 
28327 
87215 
96730 
67972 
84785 
16 
13086 
19084 
45709 
479 
40354 
87607 
78249 
90011 
67685 
77363 
17671 
20244 
29948 
45837 
14799 
82091 
95034 
63331 
54220 
31113 
84808 
40808 
133 
57058 
35793 
80678 
40457 
39217 
97004 
14154 
55993 
41676 
8065 
80940 
38358 
56189 
85816 
4007 
29706 
85302 
93726 
91870 
95369 
97313 
86788 
90165 
56603 
95835 
3093 
61564 
94849 
8081 
7528 
80055 
43435 
88275 
82439 
89994 
16264 
47524 
15780 
45239 
6114 
57356 
80751 
79131 
47545 
50805 
8582 
25 
5992 
6494 
30944 
73941 
89544 
57751 
87297 
94893 
74931 
51806 
2523 
12159 
45546 
50780 
56902 
31514 
68459 
21443 
39056 
4132 
26738 
20064 
97494 
57496 
9056 
79833 
61900 
33568 
60069 
77743 
18649 
24510 
12414 
40956 
3052 
78166 
86798 
91363 
38238 
30876 
12326 
11156 
98545 
61050 
64156 
71292 
43631 
44054 
44950 
30415 
23131 
69957 
8889 
48812 
31818 
60610 
9271 
93006 
22621 
71936 
78371 
28900 
83298 
71444 
48999 
66167 
84953 
55697 
87677 
82754 
96994 
76932 
55744 
84786 
49260 
19342 
81655 
46398 
40229 
81934 
47374 
79978 
87217 
91089 
76699 
64580 
90702 
24767 
47982 
54571 
38031 
22793 
27592 
29752 
67124 
59131 
62233 
86794 
1297 
79481 
61792 
13928 
58381 
97582 
88244 
57805 
67201 
47940 
81704 
70959 
79856 
17830 
66040 
9351 
84171 
81476 
14418 
52268 
37403 
15497 
51269 
49687 
57815 
78550 
94916 
36408 
34999 
24619 
29160 
86321 
97560 
90016 
43604 
23492 
39716 
95748 
12125 
28277 
48951 
78464 
24713 
1847 
88982 
59259 
78080 
50335 
34580 
13862 
7328 
18532 
79460 
50926 
15526 
58055 
22051 
27329 
82138 
9986 
67637 
92047 
51985 
395 
10927 
18812 
76191 
85733 
53216 
14019 
58228 
40707 
66184 
40955 
11324 
57804 
37166 
25927 
73602 
86688 
63152 
18765 
41450 
95174 
51627 
48073 
72996 
61056 
31284 
65774 
6636 
57076 
64007 
62139 
44835 
82081 
87576 
29422 
95867 
64493 
48249 
17316 
6739 
99439 
79656 
59327 
66656 
33352 
73277 
23315 
76909 
46586 
80193 
35759 
94615 
97714 
51998 
21742 
59411 
5378 
9448 
72346 
64521 
95858 
89930 
11862 
89396 
60584 
10551 
35814 
94960 
37400 
52810 
35414 
61369 
5591 
40521 
63646 
11247 
43703 
47779 
49382 
26722 
47829 
84735 
45 
61434 
22251 
36049 
57904 
52968 
92565 
97645 
5961 
3573 
97729 
70914 
57504 
46353 
38850 
85062 
6876 
81877 
19215 
68266 
28854 
5666 
75580 
36137 
74495 
96066 
59522 
22348 
5877 
758 
15783 
51974 
67276 
21297 
91160 
96694 
31797 
37610 
85034 
24344 
18660 
24423 
34478 
57465 
5612 
48851 
64083 
1698 
72316 
900 
10357 
5416 
50614 
86013 
29161 
91450 
8430 
91647 
5470 
55677 
29673 
12645 
83197 
74146 
34522 
74522 
12059 
75787 
67001 
74165 
5240 
98469 
5431 
91837 
78385 
8023 
9921 
34530 
68247 
10315 
82775 
61129 
36703 
99538 
94046 
97673 
92593 
22613 
49134 
3802 
88196 
32705 
66489 
95901 
42800 
44139 
34754 
34231 
84995 
60508 
18167 
8201 
88498 
15605 
61625 
32502 
90253 
66731 
8833 
43704 
79499 
88376 
73690 
80123 
93146 
64957 
68044 
91266 
73540 
43802 
72780 
64529 
408 
16946 
18580 
44634 
15484 
4538 
63836 
4832 
71352 
57109 
46925 
89173 
45337 
9570 
82251 
82628 
70716 
47240 
39336 
57450 
86943 
69737 
40221 
31077 
73814 
39001 
52903 
60984 
24082 
13641 
60365 
99971 
49301 
78238 
90174 
96653 
94255 
46362 
34376 
85786 
40743 
97850 
9961 
86262 
67152 
49884 
65785 
81336 
71027 
83558 
52379 
73087 
74282 
57173 
36943 
81876 
19028 
36673 
41187 
35934 
84949 
40210 
73538 
55598 
99921 
66718 
95959 
27873 
82454 
94605 
5506 
53010 
38989 
3210 
19251 
86245 
53133 
27860 
27119 
98351 
59994 
97982 
40168 
48442 
76340 
81815 
36711 
56749 
98935 
8290 
6145 
57988 
34802 
87204 
11711 
66403 
37010 
65541 
42604 
71788 
78112 
17916 
48411 
83556 
32685 
67588 
95509 
84328 
79970 
78392 
72065 
21671 
94561 
21716 
39915 
66780 
469 
40173 
929 
68736 
39160 
44346 
35635 
49282 
66499 
88087 
77326 
80850 
88111 
68387 
24028 
66732 
30201 
95969 
85411 
96836 
87414 
66245 
34798 
92612 
30593 
64122 
89473 
20173 
67513 
58064 
57301 
70993 
7089 
80639 
65960 
82052 
64715 
40385 
78187 
85080 
81763 
6558 
89539 
71636 
53206 
38277 
71906 
81557 
59324 
68138 
31889 
13982 
7293 
49882 
99101 
5280 
40260 
65423 
89093 
99489 
6762 
8663 
13373 
73678 
17920 
6647 
56699 
55717 
53827 
13516 
48373 
59651 
20463 
79009 
8992 
26159 
29866 
29994 
12475 
88401 
63385 
26832 
31049 
84210 
12264 
91375 
18149 
14502 
3279 
16184 
85154 
56437 
47394 
21859 
88390 
20546 
97204 
52294 
75347 
68873 
48347 
88351 
37397 
67345 
45637 
96643 
38947 
34717 
8875 
78045 
54778 
98760 
35803 
28598 
43916 
62479 
39923 
73297 
35667 
69919 
51731 
11255 
54281 
29697 
78423 
42017 
50717 
83076 
47011 
44846 
64881 
72457 
50672 
68669 
22817 
82239 
17972 
26684 
7172 
63271 
19887 
87588 
67522 
48885 
48114 
605 
28132 
703 
19881 
8869 
61409 
88887 
64134 
15959 
54336 
27679 
28908 
4456 
64322 
77258 
53968 
54265 
25713 
93099 
63338 
61194 
34839 
33942 
97360 
51152 
49451 
96693 
18124 
12367 
39832 
99841 
10444 
17858 
21399 
67035 
41580 
61280 
15037 
67454 
5468 
83676 
95152 
380 
22413 
35215 
2743 
88561 
84671 
72964 
80730 
46630 
33230 
97824 
83258 
18838 
72201 
73528 
77311 
69063 
23569 
1936 
34918 
72596 
25858 
75278 
6460 
83080 
3207 
15710 
44641 
91107 
91013 
85029 
25143 
25530 
38061 
34402 
97506 
16915 
41847 
29099 
67544 
34629 
97723 
79098 
15312 
81691 
83500 
40591 
58598 
73778 
22565 
54178 
54712 
45421 
97749 
66743 
52239 
18830 
99451 
66096 
41103 
17171 
13612 
4140 
28362 
29649 
13282 
88475 
41472 
43880 
63151 
47812 
77104 
49303 
75585 
43483 
89807 
29890 
65499 
2452 
70967 
94022 
4295 
44508 
18528 
2019 
45853 
42262 
44755 
47905 
31444 
91400 
32353 
67252 
46360 
93196 
22191 
42549 
48265 
52720 
62709 
63581 
1966 
56515 
48428 
66237 
27354 
88869 
69984 
99136 
48707 
38384 
35850 
94183 
20177 
24260 
54750 
12690 
5696 
61624 
54432 
8895 
91432 
23194 
56947 
78241 
37647 
23696 
78963 
18646 
2319 
25136 
74063 
46046 
46277 
4267 
41963 
93569 
55871 
22608 
40844 
56360 
27649 
77514 
26228 
70333 
43112 
86272 
2053 
46374 
96835 
64791 
97337 
36346 
97903 
2251 
66544 
13226 
98209 
18154 
2417 
1135 
29411 
24342 
33763 
1130 
47532 
88645 
19596 
89986 
23513 
68812 
70048 
40377 
74371 
3026 
63807 
40283 
37436 
48741 
16454 
68159 
78768 
22644 
89176 
65044 
16626 
48748 
69468 
87438 
15253 
75292 
69581 
502 
52026 
33787 
75945 
73392 
49789 
26259 
80923 
64195 
73093 
40572 
66736 
78699 
42169 
98160 
93752 
2839 
62531 
62631 
30685 
98367 
54722 
96817 
53595 
1633 
92769 
27379 
24603 
8834 
39722 
74617 
96321 
24622 
67559 
43808 
64280 
11598 
46137 
1609 
96064 
96465 
64866 
26824 
80571 
28544 
38669 
92377 
12985 
44109 
84113 
16166 
28156 
44231 
4827 
13268 
95052 
80698 
91264 
10628 
16664 
69572 
58931 
10738 
19850 
640 
97878 
99483 
60463 
84997 
72695 
76627 
44282 
1532 
86047 
99469 
23388 
90789 
16128 
22688 
68243 
36090 
70247 
42969 
72977 
83838 
85900 
35395 
15335 
61063 
45457 
5080 
90772 
8591 
82907 
14744 
95292 
87095 
89029 
1676 
77317 
41693 
86065 
26932 
65805 
80000 
22332 
25610 
73455 
72423 
96936 
27264 
99299 
13437 
81160 
64785 
21338 
23100 
83564 
62993 
97987 
65797 
16689 
68565 
38001 
67337 
51710 
2036 
48754 
74133 
64793 
52624 
39581 
49601 
45160 
82232 
13790 
41632 
51507 
96729 
99276 
92000 
68788 
60737 
96830 
28287 
74396 
33482 
39640 
1593 
76800 
68402 
58183 
38095 
89246 
94829 
91967 
54671 
20874 
19766 
85634 
26961 
99295 
87896 
25139 
71134 
27351 
24563 
55528 
17863 
32089 
60570 
9721 
44318 
36752 
82879 
55279 
45963 
87350 
81359 
40478 
10244 
42160 
22591 
8440 
13417 
70231 
74698 
51881 
39635 
47499 
60705 
16398 
54919 
67577 
8536 
98805 
59155 
70157 
94400 
19319 
55465 
1183 
81426 
67432 
70578 
36828 
52735 
13823 
10796 
22664 
1721 
89279 
33416 
52410 
50575 
51491 
83714 
42753 
54964 
49424 
52672 
26193 
8508 
90575 
30205 
32682 
35230 
47121 
86132 
80852 
84651 
4042 
66019 
59908 
53898 
31067 
54463 
797 
42344 
3387 
99338 
94358 
34084 
36689 
44639 
86164 
47939 
53475 
40217 
97861 
91830 
39333 
50573 
81072 
9358 
10335 
20450 
99809 
12429 
20604 
90846 
4095 
33521 
42212 
76356 
11495 
85837 
46191 
16868 
86495 
62917 
65265 
54285 
79215 
84975 
5363 
9907 
60571 
6183 
30316 
20397 
35112 
94209 
43656 
89062 
35974 
64371 
86374 
89841 
92653 
65018 
77365 
98629 
46708 
49870 
72382 
3204 
68139 
7166 
52161 
31975 
96079 
36470 
2096 
65183 
73981 
4650 
4798 
86246 
43657 
72978 
67695 
89094 
39998 
79447 
80593 
90662 
7835 
76245 
46550 
25186 
73236 
25500 
8376 
20437 
23608 
30157 
89191 
84130 
87516 
32637 
67699 
14979 
94539 
31891 
87317 
7940 
41891 
30916 
34795 
94073 
1285 
2071 
2110 
12122 
46937 
81849 
96080 
65180 
84138 
91049 
10913 
1064 
33830 
9176 
79780 
37877 
68276 
8860 
83125 
96237 
29483 
88478 
47384 
17286 
99434 
33734 
99613 
5532 
15177 
83796 
9959 
82878 
39418 
28649 
2617 
37099 
75406 
90943 
54356 
17608 
56393 
48408 
94002 
94043 
8706 
74173 
25460 
84451 
67211 
92393 
55134 
63693 
88449 
5060 
26607 
39134 
2466 
94691 
37126 
22417 
26847 
79669 
26361 
917 
36981 
56694 
82702 
77646 
13775 
16326 
75386 
94016 
76613 
78308 
66165 
17520 
80490 
71875 
33694 
77817 
237 
69204 
32913 
52761 
65415 
561 
30610 
22097 
93363 
90743 
64032 
50192 
24470 
85789 
67910 
95244 
76481 
29286 
74209 
60092 
45631 
40363 
56459 
5857 
80104 
98633 
43952 
57961 
94430 
1039 
52740 
9951 
4751 
81874 
9463 
79214 
35604 
57943 
92370 
93760 
26740 
42338 
56973 
3327 
44289 
87840 
22832 
59511 
45478 
31050 
93371 
80812 
29899 
86424 
12970 
9865 
34661 
78201 
74772 
61927 
48365 
29760 
95351 
8499 
373 
72602 
30215 
67457 
37018 
80805 
70866 
22751 
23899 
54984 
53288 
75763 
93207 
36464 
4279 
47620 
13636 
49276 
20428 
29244 
40268 
66270 
38201 
30128 
95045 
60119 
15453 
88657 
79431 
47738 
28866 
60655 
73821 
98134 
75408 
94050 
35972 
53765 
22941 
25785 
1822 
61156 
55795 
62237 
69057 
77253 
59683 
65958 
10342 
49585 
69809 
81190 
96834 
58932 
4161 
60581 
1903 
56915 
36157 
60066 
10842 
34676 
58342 
39590 
49024 
43445 
77865 
26887 
2328 
64249 
13155 
18822 
68411 
60534 
39643 
81664 
29599 
81837 
29135 
60089 
60947 
60130 
86282 
98438 
66927 
1707 
7949 
63164 
44474 
75057 
59462 
78990 
7233 
60420 
82665 
82498 
67621 
98571 
36449 
74224 
82269 
16001 
60595 
10204 
22679 
23627 
21718 
39096 
72851 
58166 
7756 
99604 
44121 
42866 
73685 
91038 
7395 
99051 
86383 
22505 
33391 
68419 
48728 
35026 
4379 
95907 
70461 
30099 
29023 
84095 
27833 
46337 
85876 
52099 
41368 
16521 
52479 
15224 
63698 
58490 
91894 
94208 
80229 
7198 
23129 
63126 
29202 
13461 
91626 
46918 
85063 
81838 
65028 
83800 
87867 
93942 
6209 
82959 
45019 
34720 
19631 
97708 
22843 
51324 
2594 
64856 
64170 
69177 
66896 
81399 
91477 
29035 
19280 
33791 
76176 
99776 
77043 
65952 
81669 
49796 
57098 
19888 
92162 
73950 
17902 
64496 
77972 
43651 
81636 
19993 
79653 
69869 
19031 
79389 
28926 
89816 
48856 
60187 
27299 
93716 
76992 
5994 
39259 
33911 
29786 
1999 
33272 
90023 
78571 
24695 
53905 
81040 
9935 
11698 
6517 
21017 
39648 
75940 
55280 
71510 
40369 
88769 
18137 
22757 
46942 
70545 
41595 
32597 
92675 
91332 
86856 
50993 
63641 
39181 
73697 
1356 
95924 
11111 
21379 
20938 
89823 
45769 
419 
21597 
99200 
86058 
75456 
9392 
14804 
31196 
85975 
63150 
94434 
85067 
1007 
3232 
21606 
71440 
37358 
32240 
18614 
85548 
99194 
85301 
34819 
56110 
32295 
82132 
37267 
68242 
4053 
41139 
19619 
23791 
10643 
36948 
96958 
52894 
55685 
47292 
86637 
68785 
88644 
99975 
7322 
97864 
31317 
46851 
31379 
7046 
88484 
50503 
66853 
78880 
28979 
97374 
3334 
8147 
3271 
27659 
86363 
16756 
42677 
89219 
93570 
55068 
36486 
39213 
58986 
21146 
80596 
82529 
96002 
71547 
12651 
42787 
60396 
60286 
29708 
12454 
77685 
93315 
42869 
71753 
69729 
20518 
46531 
77146 
95648 
59869 
63676 
38412 
49159 
43748 
22821 
26685 
33973 
8970 
71784 
14196 
82579 
2733 
85561 
37323 
93453 
96850 
20566 
42009 
86574 
31545 
37114 
60236 
93442 
22499 
17979 
98474 
1992 
95651 
83144 
21000 
4226 
95267 
83701 
14299 
56683 
36302 
14309 
17320 
41924 
21970 
73818 
8522 
33559 
23068 
52431 
13890 
84294 
79743 
77944 
72558 
90269 
9861 
37912 
45124 
72207 
80935 
53606 
68432 
83421 
79219 
21822 
95624 
48315 
10301 
40870 
80364 
83862 
36710 
11133 
25932 
66411 
72745 
54274 
86070 
95259 
72237 
27424 
86386 
81879 
46974 
34033 
5588 
33191 
33 
17530 
31933 
50638 
36297 
61901 
23730 
34800 
64972 
16374 
73152 
69461 
58664 
87926 
74454 
42920 
20477 
49566 
8651 
44492 
44081 
88426 
74057 
602 
64426 
14294 
4878 
27252 
92128 
19627 
36532 
97232 
44502 
88610 
24602 
43585 
92721 
29019 
27732 
14110 
86270 
84341 
21741 
53432 
5583 
29801 
82170 
62318 
97805 
89861 
65585 
97734 
15729 
26402 
31430 
30452 
74823 
9516 
97275 
21346 
44462 
39380 
64666 
73744 
5738 
6233 
51108 
43436 
69579 
22133 
34520 
57863 
26478 
74459 
49102 
34357 
15450 
30006 
91374 
14814 
35394 
45516 
95776 
17324 
95231 
16321 
75447 
29284 
50362 
97748 
25560 
77161 
74101 
50472 
69475 
44083 
28855 
88140 
31872 
53885 
60681 
52190 
60915 
13849 
81388 
25213 
90593 
2128 
63157 
79468 
28387 
81702 
90876 
87146 
90278 
10134 
45708 
798 
23077 
817 
2131 
37863 
29036 
68113 
37161 
98880 
77433 
10210 
23677 
13770 
17339 
34778 
9195 
25732 
29596 
11739 
35486 
76584 
39299 
60710 
65613 
25192 
15349 
20494 
43513 
66068 
45870 
70936 
76139 
45481 
67368 
71574 
86152 
17353 
47392 
85245 
78854 
85173 
5375 
31010 
18178 
89119 
47184 
36561 
58466 
26350 
60521 
76813 
83229 
82377 
33332 
1922 
41949 
69987 
11607 
94433 
4229 
77495 
3378 
67049 
75504 
60219 
490 
81755 
12101 
53431 
13728 
73825 
73965 
88219 
16569 
29452 
61989 
21479 
4853 
18342 
23964 
42295 
53118 
2166 
67597 
44427 
50286 
80896 
93386 
50307 
57364 
95300 
59184 
58010 
95480 
79659 
36737 
51313 
53235 
44601 
44924 
70943 
27731 
50764 
65517 
35873 
17662 
13709 
27144 
22735 
86801 
19996 
76858 
73060 
80395 
37333 
38657 
79643 
94976 
99658 
82386 
28582 
5147 
42070 
77073 
35453 
1726 
89932 
98390 
57880 
11295 
35412 
27458 
75172 
79145 
14574 
49579 
69789 
53005 
64415 
84477 
89755 
2728 
55093 
98147 
78775 
70586 
99899 
26389 
43287 
84827 
20269 
69179 
39241 
97933 
36772 
60531 
13800 
84741 
65610 
51397 
60679 
67770 
86819 
7248 
13177 
51208 
28300 
25504 
73476 
54735 
18078 
24558 
80312 
51103 
85127 
92869 
89918 
95659 
85133 
47963 
45664 
27499 
39899 
51790 
41410 
99541 
84551 
19663 
17666 
59045 
37712 
50859 
43203 
82824 
75856 
78781 
52970 
47179 
2465 
11261 
43840 
22154 
95655 
95856 
24592 
17088 
4966 
7826 
78444 
17131 
41255 
64985 
43240 
36878 
97267 
53238 
30000 
98177 
31439 
91764 
74108 
94145 
45225 
86464 
5337 
93575 
89845 
13353 
75891 
87782 
28439 
22397 
48493 
34835 
5469 
34638 
33776 
73466 
99903 
29840 
87838 
87142 
62459 
85779 
99472 
1879 
95548 
10100 
56326 
70300 
54983 
36228 
56170 
96678 
44207 
69588 
11302 
57360 
787 
95261 
43526 
94326 
54678 
59672 
70351 
94897 
75808 
41405 
40411 
15763 
7578 
71233 
34032 
16248 
89684 
81657 
99491 
72593 
33263 
88504 
35880 
76109 
10379 
38804 
40415 
14498 
88023 
86055 
40367 
62742 
89159 
83381 
12156 
84317 
79564 
44682 
77579 
503 
15624 
48286 
9549 
62940 
77016 
81303 
74632 
22633 
89021 
671 
57633 
4183 
46939 
21424 
95503 
71095 
4524 
20380 
11725 
24618 
2209 
18358 
45505 
32206 
6834 
11205 
79237 
35439 
69099 
72949 
33676 
57218 
24824 
14821 
19017 
54771 
2153 
42087 
73656 
30667 
52992 
18090 
22800 
92801 
26408 
24256 
84205 
85181 
11872 
80118 
6440 
22328 
16239 
95702 
42789 
71735 
68920 
8114 
42816 
14933 
95013 
30724 
13257 
46112 
53728 
7913 
16150 
69441 
93837 
72329 
20039 
1330 
49122 
55185 
42356 
12452 
64475 
41758 
82692 
54617 
59339 
70765 
9280 
8317 
48981 
67208 
78776 
36632 
24655 
52361 
91364 
42993 
13372 
68988 
45454 
63938 
5273 
39393 
83222 
2956 
75984 
52707 
19896 
81381 
70085 
9248 
18552 
64632 
18351 
31855 
18547 
73967 
93633 
34623 
37603 
48354 
29558 
46529 
54854 
6293 
53182 
3473 
35654 
12074 
79679 
79683 
43772 
97942 
57543 
42057 
16715 
24525 
14997 
16864 
38205 
43787 
96922 
27789 
93608 
40745 
60418 
42486 
30971 
59177 
37470 
42269 
1980 
69082 
7863 
53172 
94715 
3010 
22246 
76695 
96851 
81458 
36482 
57333 
51362 
73659 
60327 
10829 
27947 
19958 
5620 
88955 
39823 
54186 
45211 
56514 
97209 
89977 
95761 
97718 
47035 
2751 
64918 
86599 
29020 
93436 
25755 
97378 
76089 
52347 
59829 
5808 
49541 
63729 
4342 
91728 
62529 
93012 
13853 
24168 
98678 
26270 
78590 
65535 
44176 
20003 
26777 
13395 
8838 
20072 
75439 
35657 
71737 
62973 
2045 
77395 
62620 
27828 
74759 
30559 
63561 
50212 
28857 
88812 
4077 
12390 
75086 
27359 
36536 
27204 
99519 
18492 
47851 
72140 
94713 
80578 
33509 
72959 
95707 
5008 
95208 
90954 
98027 
29478 
22404 
79567 
8221 
77046 
77572 
64477 
67693 
72820 
64681 
72537 
14404 
3470 
70908 
60078 
28939 
93981 
23329 
38587 
43368 
76862 
87468 
6478 
80576 
99528 
38765 
23690 
98611 
10359 
65403 
32612 
62217 
87596 
20920 
61863 
802 
73076 
73835 
40883 
31099 
85237 
65843 
6864 
48201 
57639 
26306 
53844 
3365 
70310 
88148 
3055 
20360 
10177 
23808 
86362 
69505 
44144 
84504 
97658 
49868 
35774 
2265 
19536 
45524 
72740 
10527 
99240 
60749 
11554 
9279 
1392 
3588 
57365 
84379 
35881 
734 
13434 
46131 
45695 
75850 
37516 
41318 
70171 
880 
31481 
87412 
11605 
98193 
44630 
52731 
16122 
43571 
94177 
38621 
36629 
18304 
37704 
29548 
63884 
29922 
95358 
55074 
29326 
31217 
75016 
27010 
86266 
29850 
82142 
48745 
78256 
79838 
74374 
91078 
60177 
68907 
22753 
72349 
58025 
9359 
27774 
21923 
93339 
35948 
84582 
61160 
78023 
28927 
70158 
79904 
73700 
32086 
15084 
78223 
15633 
24066 
14815 
85641 
92837 
32987 
34693 
10411 
66203 
65795 
12972 
61589 
71074 
88191 
4649 
92336 
45480 
85806 
83845 
41435 
1202 
61600 
50433 
12346 
98060 
11588 
73153 
23045 
71749 
70097 
49061 
32033 
58504 
63909 
2011 
93936 
65345 
71443 
69550 
72261 
41296 
86372 
10504 
10916 
77309 
57817 
71665 
85807 
18557 
99054 
18671 
52145 
72787 
92474 
71952 
59044 
33426 
48678 
3146 
32742 
93287 
75490 
47672 
18274 
20501 
86003 
31183 
78022 
54282 
17962 
80155 
96592 
65070 
96914 
58608 
85728 
67320 
16752 
17829 
12539 
604 
57725 
73409 
93844 
58676 
53026 
17901 
37366 
65471 
85955 
83797 
50824 
49853 
7895 
34096 
100000 
72565 
75417 
79419 
57176 
74999 
67293 
62961 
92181 
77329 
83022 
84114 
76922 
6785 
49318 
42402 
20553 
17300 
18568 
99442 
21961 
39158 
79438 
69645 
14200 
19893 
67004 
85168 
40554 
50581 
61615 
77842 
83658 
99657 
97676 
50155 
65437 
9045 
92153 
24099 
73014 
31493 
29757 
21856 
84414 
11097 
9914 
57010 
87176 
49108 
66172 
22783 
54527 
61278 
21324 
77163 
2227 
25725 
76428 
58950 
21156 
95998 
64935 
99129 
96505 
87422 
58575 
84227 
853 
17033 
24647 
11930 
54229 
97967 
46644 
44667 
38368 
69158 
63803 
22707 
30417 
28311 
33836 
81114 
43155 
70179 
83440 
53867 
83575 
81383 
17861 
72106 
54825 
65443 
87988 
54992 
3582 
62130 
66 
97705 
63597 
55820 
32766 
83375 
77401 
44382 
936 
48386 
83777 
95038 
74668 
17365 
94892 
91194 
10253 
51697 
83206 
34241 
74205 
5842 
90367 
60846 
90992 
3135 
28859 
74576 
51960 
46115 
44404 
32536 
54960 
28580 
70773 
70804 
60511 
20863 
96668 
56017 
4919 
57709 
57182 
30816 
67476 
39575 
50601 
14610 
52634 
13531 
3490 
33779 
99630 
65148 
55210 
2401 
33704 
9539 
72137 
39453 
57375 
45563 
62617 
48863 
53594 
25637 
24614 
49659 
56451 
31919 
16196 
84348 
22587 
73243 
37168 
80149 
15386 
61405 
88553 
99534 
21520 
20473 
22854 
37796 
68246 
77238 
72625 
16877 
84525 
64417 
36131 
18309 
45875 
33436 
49993 
80297 
27381 
5862 
62984 
86187 
95685 
27985 
16469 
49985 
69879 
15220 
68297 
61929 
43299 
10671 
33565 
48180 
28192 
18616 
98188 
5956 
84203 
39987 
94498 
95674 
39591 
37858 
71167 
35891 
16676 
17401 
10922 
83098 
45801 
86004 
15148 
7205 
88573 
34861 
38950 
25934 
96826 
74320 
73546 
54304 
89595 
10695 
84320 
63306 
92242 
8782 
52638 
15732 
21405 
81729 
98692 
17825 
57355 
63775 
84778 
4357 
83304 
97008 
81222 
81939 
81674 
50040 
12974 
69433 
40277 
69273 
18166 
23942 
11892 
83817 
53939 
50360 
2015 
13076 
80608 
62526 
53906 
67207 
45799 
6509 
1594 
54322 
15531 
41625 
70744 
14018 
59216 
7701 
69619 
97656 
60364 
96907 
82371 
33301 
63755 
64061 
8288 
66103 
9402 
23748 
52862 
70761 
73292 
88575 
43864 
10872 
26300 
23943 
1409 
31453 
56903 
17801 
79879 
98297 
18191 
70062 
1777 
26701 
2792 
24620 
89388 
52949 
54936 
48658 
13285 
45944 
65260 
26218 
10232 
93455 
29921 
82810 
64313 
83964 
57485 
63321 
65116 
57540 
59841 
57468 
19000 
7327 
1759 
38664 
47463 
94520 
43273 
7560 
65944 
77956 
38157 
51253 
42660 
79778 
19114 
59923 
8279 
47747 
7145 
76871 
59641 
58312 
54570 
39202 
48831 
12814 
17084 
10639 
76149 
21930 
29218 
6828 
82363 
65706 
18392 
73813 
46622 
91519 
19252 
83890 
21384 
55928 
82919 
26752 
27012 
95371 
47414 
17379 
30964 
4515 
99890 
35676 
50842 
57138 
19672 
85787 
64435 
59665 
2632 
71942 
30356 
48208 
48340 
50655 
14873 
87972 
42630 
86859 
62360 
12021 
51333 
83331 
23966 
93210 
61020 
70845 
23547 
4469 
53113 
25392 
89915 
95167 
70691 
99262 
41202 
79038 
4172 
60354 
24802 
83262 
21186 
63867 
82685 
42872 
20119 
22469 
31457 
4550 
56194 
60536 
2662 
98516 
7459 
14668 
33182 
31618 
69362 
3349 
53605 
74265 
59835 
22867 
64858 
76494 
25580 
99009 
36243 
93468 
43795 
5760 
61247 
70961 
42584 
91919 
28341 
33146 
40049 
16855 
22699 
82637 
53829 
32824 
62253 
32831 
45242 
26984 
87744 
78723 
48815 
40278 
66211 
28490 
47976 
35089 
96867 
28986 
21066 
18041 
84188 
80493 
12209 
8584 
36485 
16350 
28968 
87861 
68714 
58339 
72657 
77086 
74203 
35054 
41393 
40511 
5720 
98619 
77364 
2758 
47027 
38703 
56390 
51892 
15472 
74975 
50041 
40537 
97393 
21804 
70935 
49265 
26602 
64701 
85692 
52972 
86432 
53252 
3317 
77937 
59052 
77882 
41612 
64108 
7526 
96004 
58181 
76515 
46370 
1122 
41459 
79192 
84969 
60448 
67472 
32429 
38233 
7331 
18630 
6379 
59959 
48844 
69194 
77907 
6246 
39483 
94176 
44364 
68733 
76304 
28709 
53712 
32453 
44034 
90260 
80634 
74519 
36770 
14401 
49432 
93478 
26664 
23225 
5156 
44273 
27612 
14487 
5208 
56787 
92848 
30478 
67319 
99681 
63734 
56665 
64140 
84628 
15564 
55250 
13072 
37926 
28836 
42467 
60198 
45530 
66666 
54330 
71974 
71909 
49959 
88206 
30587 
87915 
62578 
75665 
22452 
36391 
51826 
61991 
87042 
15522 
41149 
4151 
90950 
11736 
93812 
8332 
24537 
26914 
82779 
80842 
75332 
34639 
64209 
78529 
80798 
92141 
23863 
63741 
1700 
51665 
27650 
99819 
6566 
47466 
25352 
105 
50447 
68494 
54818 
35138 
45685 
16356 
68015 
52070 
10926 
31681 
37686 
43031 
26904 
30414 
22411 
99265 
19346 
49627 
63552 
93908 
56447 
46606 
66472 
61404 
79332 
62516 
32149 
77778 
16939 
95068 
79703 
48059 
6615 
8227 
79515 
93134 
77371 
46701 
49461 
56176 
42236 
5800 
96414 
16635 
2701 
21726 
17154 
15789 
80006 
54897 
91965 
73312 
14319 
38990 
52170 
67943 
87135 
3888 
87290 
79191 
77709 
97837 
50852 
61752 
37011 
27076 
21069 
48850 
77080 
37059 
26349 
91459 
94107 
93269 
70216 
33194 
38780 
40742 
86674 
25992 
92949 
28607 
71728 
17311 
25891 
33395 
11696 
64961 
77874 
63335 
37125 
54027 
87332 
57370 
38374 
95946 
36293 
69748 
13736 
62252 
51701 
99441 
50745 
66470 
89481 
21056 
22885 
43070 
45273 
40261 
92765 
57128 
59138 
63084 
51448 
39806 
3551 
81855 
51959 
67603 
55083 
6678 
58071 
6231 
10831 
74582 
91250 
12692 
24524 
66449 
97021 
35836 
50687 
19918 
31639 
49643 
27863 
15135 
65786 
7846 
89260 
47685 
481 
41115 
54472 
20486 
76170 
80876 
10821 
99952 
81411 
51303 
80453 
99177 
64831 
46466 
9988 
99317 
88483 
17815 
2539 
4618 
57408 
48082 
34883 
97721 
24268 
44956 
95585 
31014 
97938 
26094 
8054 
43364 
44095 
96207 
65103 
89244 
45251 
32076 
41315 
53713 
36983 
93396 
37137 
23946 
84686 
83288 
77866 
37005 
27037 
74451 
1798 
26632 
66275 
67681 
62162 
85219 
19977 
26902 
62064 
79116 
55550 
22578 
3950 
97238 
38820 
17558 
97803 
36171 
88422 
72285 
21302 
21034 
38997 
40198 
32632 
32296 
16967 
36950 
96153 
92486 
25183 
80015 
67735 
44545 
25549 
22427 
40397 
77706 
98862 
41898 
78943 
22063 
25753 
44762 
2135 
14145 
50945 
35711 
90399 
30566 
20161 
67628 
83154 
25181 
76217 
24321 
29209 
34239 
27987 
41008 
61021 
63951 
16973 
37084 
64220 
79279 
75491 
44191 
34725 
78850 
77792 
64192 
59622 
24607 
18447 
52319 
16531 
98337 
74500 
23549 
21767 
75700 
82036 
5813 
97330 
5038 
40801 
91296 
17014 
24933 
64028 
31460 
60672 
3953 
13994 
63664 
86224 
67101 
42443 
80455 
45146 
4805 
72774 
40505 
36594 
16220 
81240 
89803 
70259 
8514 
42845 
54588 
61316 
48544 
19906 
88006 
79295 
68147 
61388 
87011 
69751 
1173 
67289 
25063 
6020 
54114 
42312 
15857 
57137 
48195 
54338 
83399 
68819 
15325 
39036 
84401 
47317 
7096 
88382 
37726 
10195 
33218 
97029 
39346 
20987 
12229 
86139 
69061 
11164 
30488 
78272 
98058 
68940 
84660 
86393 
49858 
12494 
98089 
85609 
66120 
19409 
59639 
15223 
15255 
42181 
58599 
30613 
78917 
41881 
75489 
71552 
22163 
90928 
47970 
19282 
1875 
78414 
13391 
92436 
28759 
87755 
88665 
78552 
95956 
57431 
49070 
54831 
38112 
20602 
54579 
79860 
69282 
7688 
371 
97248 
98364 
16695 
74520 
25982 
20469 
99220 
32074 
